   9.0000000e+02   4.6331350e-01   6.6797490e-01
   9.0100000e+02   5.5474567e-01   6.6797490e-01
   9.0200000e+02   6.3565281e-01   6.6797490e-01
   9.0300000e+02   6.9895023e-01   6.6797490e-01
   9.0400000e+02   7.4131336e-01   6.6797490e-01
   9.0500000e+02   7.6307417e-01   6.6797490e-01
   9.0600000e+02   7.6721546e-01   6.6797490e-01
   9.0700000e+02   7.5799042e-01   6.6797490e-01
   9.0800000e+02   7.3974188e-01   6.6797490e-01
   9.0900000e+02   7.1630293e-01   6.6797490e-01
   9.1000000e+02   6.9102902e-01   6.6797490e-01
   9.1100000e+02   6.6719021e-01   6.6797490e-01
   9.1200000e+02   6.4828535e-01   6.6797490e-01
   9.1300000e+02   6.3789958e-01   6.6797490e-01
   9.1400000e+02   6.3898220e-01   6.6797490e-01
   9.1500000e+02   6.5275911e-01   6.6797490e-01
   9.1600000e+02   6.7775590e-01   6.6797490e-01
   9.1700000e+02   7.0946682e-01   6.6797490e-01
   9.1800000e+02   7.4101971e-01   6.6797490e-01
   9.1900000e+02   7.6481537e-01   6.6797490e-01
   9.2000000e+02   7.7470895e-01   6.6797490e-01
   9.2100000e+02   7.6801828e-01   6.6797490e-01
   9.2200000e+02   7.4661871e-01   6.6797490e-01
   9.2300000e+02   7.1664572e-01   6.6797490e-01
   9.2400000e+02   6.8679249e-01   6.6797490e-01
   9.2500000e+02   6.6569251e-01   6.6797490e-01
   9.2600000e+02   6.5922863e-01   6.6797490e-01
   9.2700000e+02   6.6866998e-01   6.6797490e-01
   9.2800000e+02   6.9027671e-01   6.6797490e-01
   9.2900000e+02   7.1651631e-01   6.6797490e-01
   9.3000000e+02   7.3848192e-01   6.6797490e-01
   9.3100000e+02   7.4869335e-01   6.6797490e-01
   9.3200000e+02   7.4334138e-01   6.6797490e-01
   9.3300000e+02   7.2324876e-01   6.6797490e-01
   9.3400000e+02   6.9328466e-01   6.6797490e-01
   9.3500000e+02   6.6051230e-01   6.6797490e-01
   9.3600000e+02   6.3177662e-01   6.6797490e-01
   9.3700000e+02   6.1159805e-01   6.6797490e-01
   9.3800000e+02   6.0108255e-01   6.6797490e-01
   9.3900000e+02   5.9815469e-01   6.6797490e-01
   9.4000000e+02   5.9892528e-01   6.6797490e-01
   9.4100000e+02   5.9960326e-01   6.6797490e-01
   9.4200000e+02   5.9819386e-01   6.6797490e-01
   9.4300000e+02   5.9534468e-01   6.6797490e-01
   9.4400000e+02   5.9404898e-01   6.6797490e-01
   9.4500000e+02   5.9835628e-01   6.6797490e-01
   9.4600000e+02   6.1160625e-01   6.6797490e-01
   9.4700000e+02   6.3486522e-01   6.6797490e-01
   9.4800000e+02   6.6615303e-01   6.6797490e-01
   9.4900000e+02   7.0074594e-01   6.6797490e-01
   9.5000000e+02   7.3244608e-01   6.6797490e-01
   9.5100000e+02   7.5536529e-01   6.6797490e-01
   9.5200000e+02   7.6560116e-01   6.6797490e-01
   9.5300000e+02   7.6223953e-01   6.6797490e-01
   9.5400000e+02   7.4737267e-01   6.6797490e-01
   9.5500000e+02   7.2517592e-01   6.6797490e-01
   9.5600000e+02   7.0040922e-01   6.6797490e-01
   9.5700000e+02   6.7688853e-01   6.6797490e-01
   9.5800000e+02   6.5644973e-01   6.6797490e-01
   9.5900000e+02   6.3872129e-01   6.6797490e-01
   9.6000000e+02   6.2171654e-01   6.6797490e-01
   9.6100000e+02   6.0296830e-01   6.6797490e-01
   9.6200000e+02   5.8076011e-01   6.6797490e-01
   9.6300000e+02   5.5501195e-01   6.6797490e-01
   9.6400000e+02   5.2753856e-01   6.6797490e-01
   9.6500000e+02   5.0164203e-01   6.6797490e-01
   9.6600000e+02   4.8122983e-01   6.6797490e-01
   9.6700000e+02   4.6978362e-01   6.6797490e-01
   9.6800000e+02   4.6950633e-01   6.6797490e-01
   9.6900000e+02   4.8086411e-01   6.6797490e-01
   9.7000000e+02   5.0257549e-01   6.6797490e-01
   9.7100000e+02   5.3195289e-01   6.6797490e-01
   9.7200000e+02   5.6542424e-01   6.6797490e-01
   9.7300000e+02   5.9906925e-01   6.6797490e-01
   9.7400000e+02   6.2907393e-01   6.6797490e-01
   9.7500000e+02   6.5209149e-01   6.6797490e-01
   9.7600000e+02   6.6555436e-01   6.6797490e-01
   9.7700000e+02   6.6798335e-01   6.6797490e-01
   9.7800000e+02   6.5929263e-01   6.6797490e-01
   9.7900000e+02   6.4102063e-01   6.6797490e-01
   9.8000000e+02   6.1636790e-01   6.6797490e-01
   9.8100000e+02   5.8992552e-01   6.6797490e-01
   9.8200000e+02   5.6704149e-01   6.6797490e-01
   9.8300000e+02   5.5288216e-01   6.6797490e-01
   9.8400000e+02   5.5136471e-01   6.6797490e-01
   9.8500000e+02   5.6422108e-01   6.6797490e-01
   9.8600000e+02   5.9046902e-01   6.6797490e-01
   9.8700000e+02   6.2649522e-01   6.6797490e-01
   9.8800000e+02   6.6680757e-01   6.6797490e-01
   9.8900000e+02   7.0532453e-01   6.6797490e-01
   9.9000000e+02   7.3688975e-01   6.6797490e-01
   9.9100000e+02   7.5859035e-01   6.6797490e-01
   9.9200000e+02   7.7046624e-01   6.6797490e-01
   9.9300000e+02   7.7534385e-01   6.6797490e-01
   9.9400000e+02   7.7778721e-01   6.6797490e-01
   9.9500000e+02   7.8245920e-01   6.6797490e-01
   9.9600000e+02   7.9242291e-01   6.6797490e-01
   9.9700000e+02   8.0798860e-01   6.6797490e-01
   9.9800000e+02   8.2656815e-01   6.6797490e-01
   9.9900000e+02   8.4366170e-01   6.6797490e-01
   1.0000000e+03   8.5467474e-01   6.6905654e-01
   1.0010000e+03   8.5690736e-01   6.6905654e-01
   1.0020000e+03   8.5092513e-01   6.6905654e-01
   1.0030000e+03   8.4069240e-01   6.6905654e-01
   1.0040000e+03   8.3228873e-01   6.6905654e-01
   1.0050000e+03   8.3158587e-01   6.6905654e-01
   1.0060000e+03   8.4172024e-01   6.6905654e-01
   1.0070000e+03   8.6135844e-01   6.6905654e-01
   1.0080000e+03   8.8452981e-01   6.6905654e-01
   1.0090000e+03   9.0225075e-01   6.6905654e-01
   1.0100000e+03   9.0548854e-01   6.6905654e-01
   1.0110000e+03   8.8846608e-01   6.6905654e-01
   1.0120000e+03   8.5111665e-01   6.6905654e-01
   1.0130000e+03   7.9974392e-01   6.6905654e-01
   1.0140000e+03   7.4555049e-01   6.6905654e-01
   1.0150000e+03   7.0144327e-01   6.6905654e-01
   1.0160000e+03   6.7813607e-01   6.6905654e-01
   1.0170000e+03   6.8082542e-01   6.6905654e-01
   1.0180000e+03   7.0753044e-01   6.6905654e-01
   1.0190000e+03   7.4963360e-01   6.6905654e-01
   1.0200000e+03   7.9444003e-01   6.6905654e-01
   1.0210000e+03   8.2893307e-01   6.6905654e-01
   1.0220000e+03   8.4355133e-01   6.6905654e-01
   1.0230000e+03   8.3484506e-01   6.6905654e-01
   1.0240000e+03   8.0625424e-01   6.6905654e-01
   1.0250000e+03   7.6684910e-01   6.6905654e-01
   1.0260000e+03   7.2849028e-01   6.6905654e-01
   1.0270000e+03   7.0231495e-01   6.6905654e-01
   1.0280000e+03   6.9561484e-01   6.6905654e-01
   1.0290000e+03   7.1000740e-01   6.6905654e-01
   1.0300000e+03   7.4137728e-01   6.6905654e-01
   1.0310000e+03   7.8151348e-01   6.6905654e-01
   1.0320000e+03   8.2085768e-01   6.6905654e-01
   1.0330000e+03   8.5146077e-01   6.6905654e-01
   1.0340000e+03   8.6921454e-01   6.6905654e-01
   1.0350000e+03   8.7468683e-01   6.6905654e-01
   1.0360000e+03   8.7235945e-01   6.6905654e-01
   1.0370000e+03   8.6859519e-01   6.6905654e-01
   1.0380000e+03   8.6907273e-01   6.6905654e-01
   1.0390000e+03   8.7658963e-01   6.6905654e-01
   1.0400000e+03   8.8999094e-01   6.6905654e-01
   1.0410000e+03   9.0458276e-01   6.6905654e-01
   1.0420000e+03   9.1387368e-01   6.6905654e-01
   1.0430000e+03   9.1202874e-01   6.6905654e-01
   1.0440000e+03   8.9617727e-01   6.6905654e-01
   1.0450000e+03   8.6776808e-01   6.6905654e-01
   1.0460000e+03   8.3248991e-01   6.6905654e-01
   1.0470000e+03   7.9875589e-01   6.6905654e-01
   1.0480000e+03   7.7522438e-01   6.6905654e-01
   1.0490000e+03   7.6813734e-01   6.6905654e-01
   1.0500000e+03   7.7930863e-01   6.6905654e-01
   1.0510000e+03   8.0538344e-01   6.6905654e-01
   1.0520000e+03   8.3859560e-01   6.6905654e-01
   1.0530000e+03   8.6880305e-01   6.6905654e-01
   1.0540000e+03   8.8621922e-01   6.6905654e-01
   1.0550000e+03   8.8407787e-01   6.6905654e-01
   1.0560000e+03   8.6050819e-01   6.6905654e-01
   1.0570000e+03   8.1912879e-01   6.6905654e-01
   1.0580000e+03   7.6821757e-01   6.6905654e-01
   1.0590000e+03   7.1868472e-01   6.6905654e-01
   1.0600000e+03   6.8137581e-01   6.6905654e-01
   1.0610000e+03   6.6439316e-01   6.6905654e-01
   1.0620000e+03   6.7111317e-01   6.6905654e-01
   1.0630000e+03   6.9939863e-01   6.6905654e-01
   1.0640000e+03   7.4220048e-01   6.6905654e-01
   1.0650000e+03   7.8938508e-01   6.6905654e-01
   1.0660000e+03   8.3030198e-01   6.6905654e-01
   1.0670000e+03   8.5641059e-01   6.6905654e-01
   1.0680000e+03   8.6327219e-01   6.6905654e-01
   1.0690000e+03   8.5139461e-01   6.6905654e-01
   1.0700000e+03   8.2574431e-01   6.6905654e-01
   1.0710000e+03   7.9411763e-01   6.6905654e-01
   1.0720000e+03   7.6487738e-01   6.6905654e-01
   1.0730000e+03   7.4471766e-01   6.6905654e-01
   1.0740000e+03   7.3707609e-01   6.6905654e-01
   1.0750000e+03   7.4158810e-01   6.6905654e-01
   1.0760000e+03   7.5464945e-01   6.6905654e-01
   1.0770000e+03   7.7082528e-01   6.6905654e-01
   1.0780000e+03   7.8461606e-01   6.6905654e-01
   1.0790000e+03   7.9202477e-01   6.6905654e-01
   1.0800000e+03   7.9147653e-01   6.6905654e-01
   1.0810000e+03   7.8387914e-01   6.6905654e-01
   1.0820000e+03   7.7190061e-01   6.6905654e-01
   1.0830000e+03   7.5878795e-01   6.6905654e-01
   1.0840000e+03   7.4718175e-01   6.6905654e-01
   1.0850000e+03   7.3835326e-01   6.6905654e-01
   1.0860000e+03   7.3211641e-01   6.6905654e-01
   1.0870000e+03   7.2740334e-01   6.6905654e-01
   1.0880000e+03   7.2323216e-01   6.6905654e-01
   1.0890000e+03   7.1963312e-01   6.6905654e-01
   1.0900000e+03   7.1810023e-01   6.6905654e-01
   1.0910000e+03   7.2130766e-01   6.6905654e-01
   1.0920000e+03   7.3211901e-01   6.6905654e-01
   1.0930000e+03   7.5221808e-01   6.6905654e-01
   1.0940000e+03   7.8088699e-01   6.6905654e-01
   1.0950000e+03   8.1446519e-01   6.6905654e-01
   1.0960000e+03   8.4682364e-01   6.6905654e-01
   1.0970000e+03   8.7083970e-01   6.6905654e-01
   1.0980000e+03   8.8048125e-01   6.6905654e-01
   1.0990000e+03   8.7283982e-01   6.6905654e-01
   1.1000000e+03   8.4940123e-01   6.6905654e-01
   1.1010000e+03   8.1604116e-01   6.6905654e-01
   1.1020000e+03   7.8162883e-01   6.6905654e-01
   1.1030000e+03   7.5558639e-01   6.6905654e-01
   1.1040000e+03   7.4512378e-01   6.6905654e-01
   1.1050000e+03   7.5301721e-01   6.6905654e-01
   1.1060000e+03   7.7666029e-01   6.6905654e-01
   1.1070000e+03   8.0873029e-01   6.6905654e-01
   1.1080000e+03   8.3930184e-01   6.6905654e-01
   1.1090000e+03   8.5877672e-01   6.6905654e-01
   1.1100000e+03   8.6073720e-01   6.6905654e-01
   1.1110000e+03   8.4385622e-01   6.6905654e-01
   1.1120000e+03   8.1230012e-01   6.6905654e-01
   1.1130000e+03   7.7453263e-01   6.6905654e-01
   1.1140000e+03   7.4091505e-01   6.6905654e-01
   1.1150000e+03   7.2084181e-01   6.6905654e-01
   1.1160000e+03   7.2025166e-01   6.6905654e-01
   1.1170000e+03   7.4019496e-01   6.6905654e-01
   1.1180000e+03   7.7678578e-01   6.6905654e-01
   1.1190000e+03   8.2244601e-01   6.6905654e-01
   1.1200000e+03   8.6799212e-01   6.6905654e-01
   1.1210000e+03   9.0492535e-01   6.6905654e-01
   1.1220000e+03   9.2730227e-01   6.6905654e-01
   1.1230000e+03   9.3275673e-01   6.6905654e-01
   1.1240000e+03   9.2253550e-01   6.6905654e-01
   1.1250000e+03   9.0069875e-01   6.6905654e-01
   1.1260000e+03   8.7283421e-01   6.6905654e-01
   1.1270000e+03   8.4469528e-01   6.6905654e-01
   1.1280000e+03   8.2110108e-01   6.6905654e-01
   1.1290000e+03   8.0527958e-01   6.6905654e-01
   1.1300000e+03   7.9866295e-01   6.6905654e-01
   1.1310000e+03   8.0102119e-01   6.6905654e-01
   1.1320000e+03   8.1078029e-01   6.6905654e-01
   1.1330000e+03   8.2540702e-01   6.6905654e-01
   1.1340000e+03   8.4181411e-01   6.6905654e-01
   1.1350000e+03   8.5679726e-01   6.6905654e-01
   1.1360000e+03   8.6752085e-01   6.6905654e-01
   1.1370000e+03   8.7202426e-01   6.6905654e-01
   1.1380000e+03   8.6965230e-01   6.6905654e-01
   1.1390000e+03   8.6127237e-01   6.6905654e-01
   1.1400000e+03   8.4916110e-01   6.6905654e-01
   1.1410000e+03   8.3653023e-01   6.6905654e-01
   1.1420000e+03   8.2678147e-01   6.6905654e-01
   1.1430000e+03   8.2268222e-01   6.6905654e-01
   1.1440000e+03   8.2568915e-01   6.6905654e-01
   1.1450000e+03   8.3559978e-01   6.6905654e-01
   1.1460000e+03   8.5060445e-01   6.6905654e-01
   1.1470000e+03   8.6768963e-01   6.6905654e-01
   1.1480000e+03   8.8325912e-01   6.6905654e-01
   1.1490000e+03   8.9381620e-01   6.6905654e-01
   1.1500000e+03   8.9658168e-01   6.6905654e-01
   1.1510000e+03   8.8997504e-01   6.6905654e-01
   1.1520000e+03   8.7392480e-01   6.6905654e-01
   1.1530000e+03   8.4998145e-01   6.6905654e-01
   1.1540000e+03   8.2119390e-01   6.6905654e-01
   1.1550000e+03   7.9170880e-01   6.6905654e-01
   1.1560000e+03   7.6608903e-01   6.6905654e-01
   1.1570000e+03   7.4842989e-01   6.6905654e-01
   1.1580000e+03   7.4145010e-01   6.6905654e-01
   1.1590000e+03   7.4580211e-01   6.6905654e-01
   1.1600000e+03   7.5983588e-01   6.6905654e-01
   1.1610000e+03   7.7994382e-01   6.6905654e-01
   1.1620000e+03   8.0143896e-01   6.6905654e-01
   1.1630000e+03   8.1973411e-01   6.6905654e-01
   1.1640000e+03   8.3147168e-01   6.6905654e-01
   1.1650000e+03   8.3525504e-01   6.6905654e-01
   1.1660000e+03   8.3176008e-01   6.6905654e-01
   1.1670000e+03   8.2321836e-01   6.6905654e-01
   1.1680000e+03   8.1248072e-01   6.6905654e-01
   1.1690000e+03   8.0201062e-01   6.6905654e-01
   1.1700000e+03   7.9316679e-01   6.6905654e-01
   1.1710000e+03   7.8601151e-01   6.6905654e-01
   1.1720000e+03   7.7967289e-01   6.6905654e-01
   1.1730000e+03   7.7307844e-01   6.6905654e-01
   1.1740000e+03   7.6574080e-01   6.6905654e-01
   1.1750000e+03   7.5826638e-01   6.6905654e-01
   1.1760000e+03   7.5237174e-01   6.6905654e-01
   1.1770000e+03   7.5038656e-01   6.6905654e-01
   1.1780000e+03   7.5442113e-01   6.6905654e-01
   1.1790000e+03   7.6550797e-01   6.6905654e-01
   1.1800000e+03   7.8304505e-01   6.6905654e-01
   1.1810000e+03   8.0476735e-01   6.6905654e-01
   1.1820000e+03   8.2728951e-01   6.6905654e-01
   1.1830000e+03   8.4705956e-01   6.6905654e-01
   1.1840000e+03   8.6141055e-01   6.6905654e-01
   1.1850000e+03   8.6934816e-01   6.6905654e-01
   1.1860000e+03   8.7178708e-01   6.6905654e-01
   1.1870000e+03   8.7112848e-01   6.6905654e-01
   1.1880000e+03   8.7029833e-01   6.6905654e-01
   1.1890000e+03   8.7156623e-01   6.6905654e-01
   1.1900000e+03   8.7556515e-01   6.6905654e-01
   1.1910000e+03   8.8089056e-01   6.6905654e-01
   1.1920000e+03   8.8447599e-01   6.6905654e-01
   1.1930000e+03   8.8267434e-01   6.6905654e-01
   1.1940000e+03   8.7270682e-01   6.6905654e-01
   1.1950000e+03   8.5397334e-01   6.6905654e-01
   1.1960000e+03   8.2871828e-01   6.6905654e-01
   1.1970000e+03   8.0173223e-01   6.6905654e-01
   1.1980000e+03   7.7909456e-01   6.6905654e-01
   1.1990000e+03   7.6631670e-01   6.6905654e-01
   1.2000000e+03   7.6650240e-01   6.6905654e-01
   1.2010000e+03   7.7919158e-01   6.6905654e-01
   1.2020000e+03   8.0035606e-01   6.6905654e-01
   1.2030000e+03   8.2362323e-01   6.6905654e-01
   1.2040000e+03   8.4234875e-01   6.6905654e-01
   1.2050000e+03   8.5181760e-01   6.6905654e-01
   1.2060000e+03   8.5076764e-01   6.6905654e-01
   1.2070000e+03   8.4165363e-01   6.6905654e-01
   1.2080000e+03   8.2953418e-01   6.6905654e-01
   1.2090000e+03   8.1999541e-01   6.6905654e-01
   1.2100000e+03   8.1691137e-01   6.6905654e-01
   1.2110000e+03   8.2092003e-01   6.6905654e-01
   1.2120000e+03   8.2922064e-01   6.6905654e-01
   1.2130000e+03   8.3677463e-01   6.6905654e-01
   1.2140000e+03   8.3842566e-01   6.6905654e-01
   1.2150000e+03   8.3107845e-01   6.6905654e-01
   1.2160000e+03   8.1504644e-01   6.6905654e-01
   1.2170000e+03   7.9401399e-01   6.6905654e-01
   1.2180000e+03   7.7362266e-01   6.6905654e-01
   1.2190000e+03   7.5925270e-01   6.6905654e-01
   1.2200000e+03   7.5389754e-01   6.6905654e-01
   1.2210000e+03   7.5698721e-01   6.6905654e-01
   1.2220000e+03   7.6462408e-01   6.6905654e-01
   1.2230000e+03   7.7111817e-01   6.6905654e-01
   1.2240000e+03   7.7118753e-01   6.6905654e-01
   1.2250000e+03   7.6193695e-01   6.6905654e-01
   1.2260000e+03   7.4384460e-01   6.6905654e-01
   1.2270000e+03   7.2041233e-01   6.6905654e-01
   1.2280000e+03   6.9668928e-01   6.6905654e-01
   1.2290000e+03   6.7732384e-01   6.6905654e-01
   1.2300000e+03   6.6495667e-01   6.6905654e-01
   1.2310000e+03   6.5958030e-01   6.6905654e-01
   1.2320000e+03   6.5905200e-01   6.6905654e-01
   1.2330000e+03   6.6044883e-01   6.6905654e-01
   1.2340000e+03   6.6161156e-01   6.6905654e-01
   1.2350000e+03   6.6217652e-01   6.6905654e-01
   1.2360000e+03   6.6365126e-01   6.6905654e-01
   1.2370000e+03   6.6853184e-01   6.6905654e-01
   1.2380000e+03   6.7889051e-01   6.6905654e-01
   1.2390000e+03   6.9509737e-01   6.6905654e-01
   1.2400000e+03   7.1528052e-01   6.6905654e-01
   1.2410000e+03   7.3580481e-01   6.6905654e-01
   1.2420000e+03   7.5260148e-01   6.6905654e-01
   1.2430000e+03   7.6280157e-01   6.6905654e-01
   1.2440000e+03   7.6597734e-01   6.6905654e-01
   1.2450000e+03   7.6444105e-01   6.6905654e-01
   1.2460000e+03   7.6243192e-01   6.6905654e-01
   1.2470000e+03   7.6447944e-01   6.6905654e-01
   1.2480000e+03   7.7357780e-01   6.6905654e-01
   1.2490000e+03   7.8989674e-01   6.6905654e-01
   1.2500000e+03   8.1055170e-01   6.6905654e-01
   1.2510000e+03   8.3054298e-01   6.6905654e-01
   1.2520000e+03   8.4451562e-01   6.6905654e-01
   1.2530000e+03   8.4867266e-01   6.6905654e-01
   1.2540000e+03   8.4211833e-01   6.6905654e-01
   1.2550000e+03   8.2713412e-01   6.6905654e-01
   1.2560000e+03   8.0830517e-01   6.6905654e-01
   1.2570000e+03   7.9085305e-01   6.6905654e-01
   1.2580000e+03   7.7882257e-01   6.6905654e-01
   1.2590000e+03   7.7380586e-01   6.6905654e-01
   1.2600000e+03   7.7465977e-01   6.6905654e-01
   1.2610000e+03   7.7827659e-01   6.6905654e-01
   1.2620000e+03   7.8106229e-01   6.6905654e-01
   1.2630000e+03   7.8051523e-01   6.6905654e-01
   1.2640000e+03   7.7628038e-01   6.6905654e-01
   1.2650000e+03   7.7027625e-01   6.6905654e-01
   1.2660000e+03   7.6586318e-01   6.6905654e-01
   1.2670000e+03   7.6639399e-01   6.6905654e-01
   1.2680000e+03   7.7372147e-01   6.6905654e-01
   1.2690000e+03   7.8724904e-01   6.6905654e-01
   1.2700000e+03   8.0390496e-01   6.6905654e-01
   1.2710000e+03   8.1908016e-01   6.6905654e-01
   1.2720000e+03   8.2822003e-01   6.6905654e-01
   1.2730000e+03   8.2852380e-01   6.6905654e-01
   1.2740000e+03   8.2015575e-01   6.6905654e-01
   1.2750000e+03   8.0652227e-01   6.6905654e-01
   1.2760000e+03   7.9346456e-01   6.6905654e-01
   1.2770000e+03   7.8756449e-01   6.6905654e-01
   1.2780000e+03   7.9405538e-01   6.6905654e-01
   1.2790000e+03   8.1497993e-01   6.6905654e-01
   1.2800000e+03   8.4819596e-01   6.6905654e-01
   1.2810000e+03   8.8760133e-01   6.6905654e-01
   1.2820000e+03   9.2459152e-01   6.6905654e-01
   1.2830000e+03   9.5037829e-01   6.6905654e-01
   1.2840000e+03   9.5850526e-01   6.6905654e-01
   1.2850000e+03   9.4679372e-01   6.6905654e-01
   1.2860000e+03   9.1808984e-01   6.6905654e-01
   1.2870000e+03   8.7953415e-01   6.6905654e-01
   1.2880000e+03   8.4053479e-01   6.6905654e-01
   1.2890000e+03   8.1005057e-01   6.6905654e-01
   1.2900000e+03   7.9403233e-01   6.6905654e-01
   1.2910000e+03   7.9383735e-01   6.6905654e-01
   1.2920000e+03   8.0612315e-01   6.6905654e-01
   1.2930000e+03   8.2423721e-01   6.6905654e-01
   1.2940000e+03   8.4061535e-01   6.6905654e-01
   1.2950000e+03   8.4935732e-01   6.6905654e-01
   1.2960000e+03   8.4809022e-01   6.6905654e-01
   1.2970000e+03   8.3848358e-01   6.6905654e-01
   1.2980000e+03   8.2525977e-01   6.6905654e-01
   1.2990000e+03   8.1408467e-01   6.6905654e-01
   1.3000000e+03   8.0913050e-01   6.7161698e-01
   1.3010000e+03   8.1123050e-01   6.7161698e-01
   1.3020000e+03   8.1733974e-01   6.7161698e-01
   1.3030000e+03   8.2154573e-01   6.7161698e-01
   1.3040000e+03   8.1730134e-01   6.7161698e-01
   1.3050000e+03   8.0008566e-01   6.7161698e-01
   1.3060000e+03   7.6950832e-01   6.7161698e-01
   1.3070000e+03   7.3003806e-01   6.7161698e-01
   1.3080000e+03   6.9000559e-01   6.7161698e-01
   1.3090000e+03   6.5914334e-01   6.7161698e-01
   1.3100000e+03   6.4545941e-01   6.7161698e-01
   1.3110000e+03   6.5250610e-01   6.7161698e-01
   1.3120000e+03   6.7799157e-01   6.7161698e-01
   1.3130000e+03   7.1423289e-01   6.7161698e-01
   1.3140000e+03   7.5031882e-01   6.7161698e-01
   1.3150000e+03   7.7526749e-01   6.7161698e-01
   1.3160000e+03   7.8113840e-01   6.7161698e-01
   1.3170000e+03   7.6510141e-01   6.7161698e-01
   1.3180000e+03   7.2985542e-01   6.7161698e-01
   1.3190000e+03   6.8237427e-01   6.7161698e-01
   1.3200000e+03   6.3152045e-01   6.7161698e-01
   1.3210000e+03   5.8540763e-01   6.7161698e-01
   1.3220000e+03   5.4940253e-01   6.7161698e-01
   1.3230000e+03   5.2535196e-01   6.7161698e-01
   1.3240000e+03   5.1213252e-01   6.7161698e-01
   1.3250000e+03   5.0713785e-01   6.7161698e-01
   1.3260000e+03   5.0801361e-01   6.7161698e-01
   1.3270000e+03   5.1392217e-01   6.7161698e-01
   1.3280000e+03   5.2585852e-01   6.7161698e-01
   1.3290000e+03   5.4594161e-01   6.7161698e-01
   1.3300000e+03   5.7601506e-01   6.7161698e-01
   1.3310000e+03   6.1615870e-01   6.7161698e-01
   1.3320000e+03   6.6374592e-01   6.7161698e-01
   1.3330000e+03   7.1347879e-01   6.7161698e-01
   1.3340000e+03   7.5847498e-01   6.7161698e-01
   1.3350000e+03   7.9209756e-01   6.7161698e-01
   1.3360000e+03   8.0994594e-01   6.7161698e-01
   1.3370000e+03   8.1135108e-01   6.7161698e-01
   1.3380000e+03   7.9986010e-01   6.7161698e-01
   1.3390000e+03   7.8250122e-01   6.7161698e-01
   1.3400000e+03   7.6798945e-01   6.7161698e-01
   1.3410000e+03   7.6435350e-01   6.7161698e-01
   1.3420000e+03   7.7664474e-01   6.7161698e-01
   1.3430000e+03   8.0538191e-01   6.7161698e-01
   1.3440000e+03   8.4619509e-01   6.7161698e-01
   1.3450000e+03   8.9081256e-01   6.7161698e-01
   1.3460000e+03   9.2916537e-01   6.7161698e-01
   1.3470000e+03   9.5206549e-01   6.7161698e-01
   1.3480000e+03   9.5373042e-01   6.7161698e-01
   1.3490000e+03   9.3343862e-01   6.7161698e-01
   1.3500000e+03   8.9581542e-01   6.7161698e-01
   1.3510000e+03   8.4962155e-01   6.7161698e-01
   1.3520000e+03   8.0534872e-01   6.7161698e-01
   1.3530000e+03   7.7229342e-01   6.7161698e-01
   1.3540000e+03   7.5596280e-01   6.7161698e-01
   1.3550000e+03   7.5659433e-01   6.7161698e-01
   1.3560000e+03   7.6924982e-01   6.7161698e-01
   1.3570000e+03   7.8546346e-01   6.7161698e-01
   1.3580000e+03   7.9593317e-01   6.7161698e-01
   1.3590000e+03   7.9340863e-01   6.7161698e-01
   1.3600000e+03   7.7486693e-01   6.7161698e-01
   1.3610000e+03   7.4230649e-01   6.7161698e-01
   1.3620000e+03   7.0195270e-01   6.7161698e-01
   1.3630000e+03   6.6219534e-01   6.7161698e-01
   1.3640000e+03   6.3098186e-01   6.7161698e-01
   1.3650000e+03   6.1353270e-01   6.7161698e-01
   1.3660000e+03   6.1108256e-01   6.7161698e-01
   1.3670000e+03   6.2095600e-01   6.7161698e-01
   1.3680000e+03   6.3781309e-01   6.7161698e-01
   1.3690000e+03   6.5552637e-01   6.7161698e-01
   1.3700000e+03   6.6900350e-01   6.7161698e-01
   1.3710000e+03   6.7538167e-01   6.7161698e-01
   1.3720000e+03   6.7432133e-01   6.7161698e-01
   1.3730000e+03   6.6748077e-01   6.7161698e-01
   1.3740000e+03   6.5751855e-01   6.7161698e-01
   1.3750000e+03   6.4705821e-01   6.7161698e-01
   1.3760000e+03   6.3795540e-01   6.7161698e-01
   1.3770000e+03   6.3100380e-01   6.7161698e-01
   1.3780000e+03   6.2601176e-01   6.7161698e-01
   1.3790000e+03   6.2206783e-01   6.7161698e-01
   1.3800000e+03   6.1782550e-01   6.7161698e-01
   1.3810000e+03   6.1174153e-01   6.7161698e-01
   1.3820000e+03   6.0231891e-01   6.7161698e-01
   1.3830000e+03   5.8845462e-01   6.7161698e-01
   1.3840000e+03   5.6993355e-01   6.7161698e-01
   1.3850000e+03   5.4796908e-01   6.7161698e-01
   1.3860000e+03   5.2554779e-01   6.7161698e-01
   1.3870000e+03   5.0728534e-01   6.7161698e-01
   1.3880000e+03   4.9860656e-01   6.7161698e-01
   1.3890000e+03   5.0431150e-01   6.7161698e-01
   1.3900000e+03   5.2689152e-01   6.7161698e-01
   1.3910000e+03   5.6517869e-01   6.7161698e-01
   1.3920000e+03   6.1392336e-01   6.7161698e-01
   1.3930000e+03   6.6465434e-01   6.7161698e-01
   1.3940000e+03   7.0774148e-01   6.7161698e-01
   1.3950000e+03   7.3511121e-01   6.7161698e-01
   1.3960000e+03   7.4274931e-01   6.7161698e-01
   1.3970000e+03   7.3211083e-01   6.7161698e-01
   1.3980000e+03   7.0987468e-01   6.7161698e-01
   1.3990000e+03   6.8603187e-01   6.7161698e-01
   1.4000000e+03   6.7087964e-01   7.2059219e-01
   1.4010000e+03   6.7188881e-01   7.2059219e-01
   1.4020000e+03   6.9146612e-01   7.2059219e-01
   1.4030000e+03   7.2632378e-01   7.2059219e-01
   1.4040000e+03   7.6861330e-01   7.2059219e-01
   1.4050000e+03   8.0838656e-01   7.2059219e-01
   1.4060000e+03   8.3653182e-01   7.2059219e-01
   1.4070000e+03   8.4723409e-01   7.2059219e-01
   1.4080000e+03   8.3924481e-01   7.2059219e-01
   1.4090000e+03   8.1570254e-01   7.2059219e-01
   1.4100000e+03   7.8274458e-01   7.2059219e-01
   1.4110000e+03   7.4750625e-01   7.2059219e-01
   1.4120000e+03   7.1621285e-01   7.2059219e-01
   1.4130000e+03   6.9292131e-01   7.2059219e-01
   1.4140000e+03   6.7915465e-01   7.2059219e-01
   1.4150000e+03   6.7432845e-01   7.2059219e-01
   1.4160000e+03   6.7662377e-01   7.2059219e-01
   1.4170000e+03   6.8388622e-01   7.2059219e-01
   1.4180000e+03   6.9422490e-01   7.2059219e-01
   1.4190000e+03   7.0618353e-01   7.2059219e-01
   1.4200000e+03   7.1856612e-01   7.2059219e-01
   1.4210000e+03   7.3013948e-01   7.2059219e-01
   1.4220000e+03   7.3945951e-01   7.2059219e-01
   1.4230000e+03   7.4498321e-01   7.2059219e-01
   1.4240000e+03   7.4547795e-01   7.2059219e-01
   1.4250000e+03   7.4058587e-01   7.2059219e-01
   1.4260000e+03   7.3130654e-01   7.2059219e-01
   1.4270000e+03   7.2015589e-01   7.2059219e-01
   1.4280000e+03   7.1085059e-01   7.2059219e-01
   1.4290000e+03   7.0752181e-01   7.2059219e-01
   1.4300000e+03   7.1363230e-01   7.2059219e-01
   1.4310000e+03   7.3089823e-01   7.2059219e-01
   1.4320000e+03   7.5855573e-01   7.2059219e-01
   1.4330000e+03   7.9324188e-01   7.2059219e-01
   1.4340000e+03   8.2959484e-01   7.2059219e-01
   1.4350000e+03   8.6146358e-01   7.2059219e-01
   1.4360000e+03   8.8342236e-01   7.2059219e-01
   1.4370000e+03   8.9217372e-01   7.2059219e-01
   1.4380000e+03   8.8743618e-01   7.2059219e-01
   1.4390000e+03   8.7205237e-01   7.2059219e-01
   1.4400000e+03   8.5127611e-01   7.2059219e-01
   1.4410000e+03   8.3143657e-01   7.2059219e-01
   1.4420000e+03   8.1835861e-01   7.2059219e-01
   1.4430000e+03   8.1598716e-01   7.2059219e-01
   1.4440000e+03   8.2559959e-01   7.2059219e-01
   1.4450000e+03   8.4581467e-01   7.2059219e-01
   1.4460000e+03   8.7336901e-01   7.2059219e-01
   1.4470000e+03   9.0440103e-01   7.2059219e-01
   1.4480000e+03   9.3582400e-01   7.2059219e-01
   1.4490000e+03   9.6633270e-01   7.2059219e-01
   1.4500000e+03   9.9668952e-01   7.2059219e-01
   1.4510000e+03   1.0291556e+00   7.2059219e-01
   1.4520000e+03   1.0662115e+00   7.2059219e-01
   1.4530000e+03   1.1089712e+00   7.2059219e-01
   1.4540000e+03   1.1558456e+00   7.2059219e-01
   1.4550000e+03   1.2020004e+00   7.2059219e-01
   1.4560000e+03   1.2399594e+00   7.2059219e-01
   1.4570000e+03   1.2613667e+00   7.2059219e-01
   1.4580000e+03   1.2595321e+00   7.2059219e-01
   1.4590000e+03   1.2320547e+00   7.2059219e-01
   1.4600000e+03   1.1826762e+00   7.2059219e-01
   1.4610000e+03   1.1216192e+00   7.2059219e-01
   1.4620000e+03   1.0640329e+00   7.2059219e-01
   1.4630000e+03   1.0267110e+00   7.2059219e-01
   1.4640000e+03   1.0238161e+00   7.2059219e-01
   1.4650000e+03   1.0627549e+00   7.2059219e-01
   1.4660000e+03   1.1414420e+00   7.2059219e-01
   1.4670000e+03   1.2478948e+00   7.2059219e-01
   1.4680000e+03   1.3624792e+00   7.2059219e-01
   1.4690000e+03   1.4623476e+00   7.2059219e-01
   1.4700000e+03   1.5269213e+00   7.2059219e-01
   1.4710000e+03   1.5429153e+00   7.2059219e-01
   1.4720000e+03   1.5075025e+00   7.2059219e-01
   1.4730000e+03   1.4287560e+00   7.2059219e-01
   1.4740000e+03   1.3233120e+00   7.2059219e-01
   1.4750000e+03   1.2120013e+00   7.2059219e-01
   1.4760000e+03   1.1147405e+00   7.2059219e-01
   1.4770000e+03   1.0460936e+00   7.2059219e-01
   1.4780000e+03   1.0126052e+00   7.2059219e-01
   1.4790000e+03   1.0124014e+00   7.2059219e-01
   1.4800000e+03   1.0368743e+00   7.2059219e-01
   1.4810000e+03   1.0737362e+00   7.2059219e-01
   1.4820000e+03   1.1104750e+00   7.2059219e-01
   1.4830000e+03   1.1373037e+00   7.2059219e-01
   1.4840000e+03   1.1489814e+00   7.2059219e-01
   1.4850000e+03   1.1452707e+00   7.2059219e-01
   1.4860000e+03   1.1301521e+00   7.2059219e-01
   1.4870000e+03   1.1101657e+00   7.2059219e-01
   1.4880000e+03   1.0923674e+00   7.2059219e-01
   1.4890000e+03   1.0823833e+00   7.2059219e-01
   1.4900000e+03   1.0829704e+00   7.2059219e-01
   1.4910000e+03   1.0933563e+00   7.2059219e-01
   1.4920000e+03   1.1094673e+00   7.2059219e-01
   1.4930000e+03   1.1249674e+00   7.2059219e-01
   1.4940000e+03   1.1328581e+00   7.2059219e-01
   1.4950000e+03   1.1272437e+00   7.2059219e-01
   1.4960000e+03   1.1048222e+00   7.2059219e-01
   1.4970000e+03   1.0657126e+00   7.2059219e-01
   1.4980000e+03   1.0134092e+00   7.2059219e-01
   1.4990000e+03   9.5388876e-01   7.2059219e-01
   1.5000000e+03   8.9414245e-01   7.0361276e-01
   1.5010000e+03   8.4055983e-01   7.0361276e-01
   1.5020000e+03   7.9761771e-01   7.0361276e-01
   1.5030000e+03   7.6720399e-01   7.0361276e-01
   1.5040000e+03   7.4868992e-01   7.0361276e-01
   1.5050000e+03   7.3962956e-01   7.0361276e-01
   1.5060000e+03   7.3679788e-01   7.0361276e-01
   1.5070000e+03   7.3722583e-01   7.0361276e-01
   1.5080000e+03   7.3895363e-01   7.0361276e-01
   1.5090000e+03   7.4135683e-01   7.0361276e-01
   1.5100000e+03   7.4504310e-01   7.0361276e-01
   1.5110000e+03   7.5142288e-01   7.0361276e-01
   1.5120000e+03   7.6210548e-01   7.0361276e-01
   1.5130000e+03   7.7827661e-01   7.0361276e-01
   1.5140000e+03   8.0019663e-01   7.0361276e-01
   1.5150000e+03   8.2693462e-01   7.0361276e-01
   1.5160000e+03   8.5641951e-01   7.0361276e-01
   1.5170000e+03   8.8582847e-01   7.0361276e-01
   1.5180000e+03   9.1224038e-01   7.0361276e-01
   1.5190000e+03   9.3337708e-01   7.0361276e-01
   1.5200000e+03   9.4818120e-01   7.0361276e-01
   1.5210000e+03   9.5699002e-01   7.0361276e-01
   1.5220000e+03   9.6118386e-01   7.0361276e-01
   1.5230000e+03   9.6239146e-01   7.0361276e-01
   1.5240000e+03   9.6154597e-01   7.0361276e-01
   1.5250000e+03   9.5820508e-01   7.0361276e-01
   1.5260000e+03   9.5050082e-01   7.0361276e-01
   1.5270000e+03   9.3586160e-01   7.0361276e-01
   1.5280000e+03   9.1232474e-01   7.0361276e-01
   1.5290000e+03   8.7996364e-01   7.0361276e-01
   1.5300000e+03   8.4182490e-01   7.0361276e-01
   1.5310000e+03   8.0388232e-01   7.0361276e-01
   1.5320000e+03   7.7384490e-01   7.0361276e-01
   1.5330000e+03   7.5908733e-01   7.0361276e-01
   1.5340000e+03   7.6433660e-01   7.0361276e-01
   1.5350000e+03   7.8989861e-01   7.0361276e-01
   1.5360000e+03   8.3107503e-01   7.0361276e-01
   1.5370000e+03   8.7904379e-01   7.0361276e-01
   1.5380000e+03   9.2299252e-01   7.0361276e-01
   1.5390000e+03   9.5287658e-01   7.0361276e-01
   1.5400000e+03   9.6197215e-01   7.0361276e-01
   1.5410000e+03   9.4847349e-01   7.0361276e-01
   1.5420000e+03   9.1570605e-01   7.0361276e-01
   1.5430000e+03   8.7097113e-01   7.0361276e-01
   1.5440000e+03   8.2344854e-01   7.0361276e-01
   1.5450000e+03   7.8182679e-01   7.0361276e-01
   1.5460000e+03   7.5234147e-01   7.0361276e-01
   1.5470000e+03   7.3770072e-01   7.0361276e-01
   1.5480000e+03   7.3705003e-01   7.0361276e-01
   1.5490000e+03   7.4680043e-01   7.0361276e-01
   1.5500000e+03   7.6192160e-01   7.0361276e-01
   1.5510000e+03   7.7724698e-01   7.0361276e-01
   1.5520000e+03   7.8844443e-01   7.0361276e-01
   1.5530000e+03   7.9251030e-01   7.0361276e-01
   1.5540000e+03   7.8785368e-01   7.0361276e-01
   1.5550000e+03   7.7416612e-01   7.0361276e-01
   1.5560000e+03   7.5227647e-01   7.0361276e-01
   1.5570000e+03   7.2408845e-01   7.0361276e-01
   1.5580000e+03   6.9255328e-01   7.0361276e-01
   1.5590000e+03   6.6152499e-01   7.0361276e-01
   1.5600000e+03   6.3534632e-01   7.0361276e-01
   1.5610000e+03   6.1812468e-01   7.0361276e-01
   1.5620000e+03   6.1283439e-01   7.0361276e-01
   1.5630000e+03   6.2053213e-01   7.0361276e-01
   1.5640000e+03   6.4001387e-01   7.0361276e-01
   1.5650000e+03   6.6813147e-01   7.0361276e-01
   1.5660000e+03   7.0075575e-01   7.0361276e-01
   1.5670000e+03   7.3410701e-01   7.0361276e-01
   1.5680000e+03   7.6598885e-01   7.0361276e-01
   1.5690000e+03   7.9644485e-01   7.0361276e-01
   1.5700000e+03   8.2753400e-01   7.0361276e-01
   1.5710000e+03   8.6223583e-01   7.0361276e-01
   1.5720000e+03   9.0283490e-01   7.0361276e-01
   1.5730000e+03   9.4936634e-01   7.0361276e-01
   1.5740000e+03   9.9873405e-01   7.0361276e-01
   1.5750000e+03   1.0449169e+00   7.0361276e-01
   1.5760000e+03   1.0803166e+00   7.0361276e-01
   1.5770000e+03   1.0978923e+00   7.0361276e-01
   1.5780000e+03   1.0934200e+00   7.0361276e-01
   1.5790000e+03   1.0671122e+00   7.0361276e-01
   1.5800000e+03   1.0239937e+00   7.0361276e-01
   1.5810000e+03   9.7279725e-01   7.0361276e-01
   1.5820000e+03   9.2362378e-01   7.0361276e-01
   1.5830000e+03   8.8503800e-01   7.0361276e-01
   1.5840000e+03   8.6150638e-01   7.0361276e-01
   1.5850000e+03   8.5203737e-01   7.0361276e-01
   1.5860000e+03   8.5054422e-01   7.0361276e-01
   1.5870000e+03   8.4791132e-01   7.0361276e-01
   1.5880000e+03   8.3516900e-01   7.0361276e-01
   1.5890000e+03   8.0676232e-01   7.0361276e-01
   1.5900000e+03   7.6279672e-01   7.0361276e-01
   1.5910000e+03   7.0942055e-01   7.0361276e-01
   1.5920000e+03   6.5709720e-01   7.0361276e-01
   1.5930000e+03   6.1724031e-01   7.0361276e-01
   1.5940000e+03   5.9828814e-01   7.0361276e-01
   1.5950000e+03   6.0255041e-01   7.0361276e-01
   1.5960000e+03   6.2496235e-01   7.0361276e-01
   1.5970000e+03   6.5427117e-01   7.0361276e-01
   1.5980000e+03   6.7636023e-01   7.0361276e-01
   1.5990000e+03   6.7866806e-01   7.0361276e-01
   1.6000000e+03   6.5424806e-01   7.2221229e-01
   1.6010000e+03   6.0409347e-01   7.2221229e-01
   1.6020000e+03   5.3690365e-01   7.2221229e-01
   1.6030000e+03   4.6631167e-01   7.2221229e-01
   1.6040000e+03   4.0644828e-01   7.2221229e-01
   1.6050000e+03   3.6729547e-01   7.2221229e-01
   1.6060000e+03   3.5138828e-01   7.2221229e-01
   1.6070000e+03   3.5301229e-01   7.2221229e-01
   1.6080000e+03   3.6024329e-01   7.2221229e-01
   1.6090000e+03   3.5923730e-01   7.2221229e-01
   1.6100000e+03   3.3940849e-01   7.2221229e-01
   1.6110000e+03   2.9778208e-01   7.2221229e-01
   1.6120000e+03   2.4101087e-01   7.2221229e-01
   1.6130000e+03   1.8424729e-01   7.2221229e-01
   1.6140000e+03   1.4706055e-01   7.2221229e-01
   1.6150000e+03   1.4756427e-01   7.2221229e-01
   1.6160000e+03   1.9655625e-01   7.2221229e-01
   1.6170000e+03   2.9354672e-01   7.2221229e-01
   1.6180000e+03   4.2601974e-01   7.2221229e-01
   1.6190000e+03   5.7228636e-01   7.2221229e-01
   1.6200000e+03   7.0715455e-01   7.2221229e-01
   1.6210000e+03   8.0872589e-01   7.2221229e-01
   1.6220000e+03   8.6423824e-01   7.2221229e-01
   1.6230000e+03   8.7314609e-01   7.2221229e-01
   1.6240000e+03   8.4649246e-01   7.2221229e-01
   1.6250000e+03   8.0280201e-01   7.2221229e-01
   1.6260000e+03   7.6183625e-01   7.2221229e-01
   1.6270000e+03   7.3822905e-01   7.2221229e-01
   1.6280000e+03   7.3704166e-01   7.2221229e-01
   1.6290000e+03   7.5263305e-01   7.2221229e-01
   1.6300000e+03   7.7114579e-01   7.2221229e-01
   1.6310000e+03   7.7572436e-01   7.2221229e-01
   1.6320000e+03   7.5270052e-01   7.2221229e-01
   1.6330000e+03   6.9668605e-01   7.2221229e-01
   1.6340000e+03   6.1289724e-01   7.2221229e-01
   1.6350000e+03   5.1596391e-01   7.2221229e-01
   1.6360000e+03   4.2563859e-01   7.2221229e-01
   1.6370000e+03   3.6083409e-01   7.2221229e-01
   1.6380000e+03   3.3395042e-01   7.2221229e-01
   1.6390000e+03   3.4733073e-01   7.2221229e-01
   1.6400000e+03   3.9295786e-01   7.2221229e-01
   1.6410000e+03   4.5541282e-01   7.2221229e-01
   1.6420000e+03   5.1703288e-01   7.2221229e-01
   1.6430000e+03   5.6349774e-01   7.2221229e-01
   1.6440000e+03   5.8797523e-01   7.2221229e-01
   1.6450000e+03   5.9250279e-01   7.2221229e-01
   1.6460000e+03   5.8626974e-01   7.2221229e-01
   1.6470000e+03   5.8154720e-01   7.2221229e-01
   1.6480000e+03   5.8880367e-01   7.2221229e-01
   1.6490000e+03   6.1277235e-01   7.2221229e-01
   1.6500000e+03   6.5083167e-01   7.2221229e-01
   1.6510000e+03   6.9418629e-01   7.2221229e-01
   1.6520000e+03   7.3131695e-01   7.2221229e-01
   1.6530000e+03   7.5237371e-01   7.2221229e-01
   1.6540000e+03   7.5289352e-01   7.2221229e-01
   1.6550000e+03   7.3551666e-01   7.2221229e-01
   1.6560000e+03   7.0912976e-01   7.2221229e-01
   1.6570000e+03   6.8579212e-01   7.2221229e-01
   1.6580000e+03   6.7657102e-01   7.2221229e-01
   1.6590000e+03   6.8776040e-01   7.2221229e-01
   1.6600000e+03   7.1877967e-01   7.2221229e-01
   1.6610000e+03   7.6243182e-01   7.2221229e-01
   1.6620000e+03   8.0737057e-01   7.2221229e-01
   1.6630000e+03   8.4188050e-01   7.2221229e-01
   1.6640000e+03   8.5766014e-01   7.2221229e-01
   1.6650000e+03   8.5234434e-01   7.2221229e-01
   1.6660000e+03   8.2997489e-01   7.2221229e-01
   1.6670000e+03   7.9935232e-01   7.2221229e-01
   1.6680000e+03   7.7092235e-01   7.2221229e-01
   1.6690000e+03   7.5332456e-01   7.2221229e-01
   1.6700000e+03   7.5080002e-01   7.2221229e-01
   1.6710000e+03   7.6230896e-01   7.2221229e-01
   1.6720000e+03   7.8257163e-01   7.2221229e-01
   1.6730000e+03   8.0454846e-01   7.2221229e-01
   1.6740000e+03   8.2236459e-01   7.2221229e-01
   1.6750000e+03   8.3354477e-01   7.2221229e-01
   1.6760000e+03   8.3970683e-01   7.2221229e-01
   1.6770000e+03   8.4546376e-01   7.2221229e-01
   1.6780000e+03   8.5598277e-01   7.2221229e-01
   1.6790000e+03   8.7418163e-01   7.2221229e-01
   1.6800000e+03   8.9870586e-01   7.2221229e-01
   1.6810000e+03   9.2355518e-01   7.2221229e-01
   1.6820000e+03   9.3961497e-01   7.2221229e-01
   1.6830000e+03   9.3762486e-01   7.2221229e-01
   1.6840000e+03   9.1155492e-01   7.2221229e-01
   1.6850000e+03   8.6117313e-01   7.2221229e-01
   1.6860000e+03   7.9284680e-01   7.2221229e-01
   1.6870000e+03   7.1823162e-01   7.2221229e-01
   1.6880000e+03   6.5124013e-01   7.2221229e-01
   1.6890000e+03   6.0427721e-01   7.2221229e-01
   1.6900000e+03   5.8497407e-01   7.2221229e-01
   1.6910000e+03   5.9445983e-01   7.2221229e-01
   1.6920000e+03   6.2766111e-01   7.2221229e-01
   1.6930000e+03   6.7541586e-01   7.2221229e-01
   1.6940000e+03   7.2758140e-01   7.2221229e-01
   1.6950000e+03   7.7601984e-01   7.2221229e-01
   1.6960000e+03   8.1645369e-01   7.2221229e-01
   1.6970000e+03   8.4865120e-01   7.2221229e-01
   1.6980000e+03   8.7504656e-01   7.2221229e-01
   1.6990000e+03   8.9848594e-01   7.2221229e-01
   1.7000000e+03   9.2010064e-01   7.1477004e-01
   1.7010000e+03   9.3822996e-01   7.1477004e-01
   1.7020000e+03   9.4887959e-01   7.1477004e-01
   1.7030000e+03   9.4756938e-01   7.1477004e-01
   1.7040000e+03   9.3183657e-01   7.1477004e-01
   1.7050000e+03   9.0334263e-01   7.1477004e-01
   1.7060000e+03   8.6861317e-01   7.1477004e-01
   1.7070000e+03   8.3790680e-01   7.1477004e-01
   1.7080000e+03   8.2239803e-01   7.1477004e-01
   1.7090000e+03   8.3052358e-01   7.1477004e-01
   1.7100000e+03   8.6473073e-01   7.1477004e-01
   1.7110000e+03   9.1982230e-01   7.1477004e-01
   1.7120000e+03   9.8361333e-01   7.1477004e-01
   1.7130000e+03   1.0398538e+00   7.1477004e-01
   1.7140000e+03   1.0725967e+00   7.1477004e-01
   1.7150000e+03   1.0706786e+00   7.1477004e-01
   1.7160000e+03   1.0309176e+00   7.1477004e-01
   1.7170000e+03   9.5905052e-01   7.1477004e-01
   1.7180000e+03   8.6817350e-01   7.1477004e-01
   1.7190000e+03   7.7525651e-01   7.1477004e-01
   1.7200000e+03   6.9688026e-01   7.1477004e-01
   1.7210000e+03   6.4550434e-01   7.1477004e-01
   1.7220000e+03   6.2727981e-01   7.1477004e-01
   1.7230000e+03   6.4180824e-01   7.1477004e-01
   1.7240000e+03   6.8356750e-01   7.1477004e-01
   1.7250000e+03   7.4422897e-01   7.1477004e-01
   1.7260000e+03   8.1494530e-01   7.1477004e-01
   1.7270000e+03   8.8790678e-01   7.1477004e-01
   1.7280000e+03   9.5691326e-01   7.1477004e-01
   1.7290000e+03   1.0171743e+00   7.1477004e-01
   1.7300000e+03   1.0648311e+00   7.1477004e-01
   1.7310000e+03   1.0966896e+00   7.1477004e-01
   1.7320000e+03   1.1103990e+00   7.1477004e-01
   1.7330000e+03   1.1049635e+00   7.1477004e-01
   1.7340000e+03   1.0812173e+00   7.1477004e-01
   1.7350000e+03   1.0418661e+00   7.1477004e-01
   1.7360000e+03   9.9091517e-01   7.1477004e-01
   1.7370000e+03   9.3265192e-01   7.1477004e-01
   1.7380000e+03   8.7063686e-01   7.1477004e-01
   1.7390000e+03   8.0722471e-01   7.1477004e-01
   1.7400000e+03   7.4391653e-01   7.1477004e-01
   1.7410000e+03   6.8242605e-01   7.1477004e-01
   1.7420000e+03   6.2592154e-01   7.1477004e-01
   1.7430000e+03   5.7969854e-01   7.1477004e-01
   1.7440000e+03   5.5068280e-01   7.1477004e-01
   1.7450000e+03   5.4563589e-01   7.1477004e-01
   1.7460000e+03   5.6855557e-01   7.1477004e-01
   1.7470000e+03   6.1825607e-01   7.1477004e-01
   1.7480000e+03   6.8723734e-01   7.1477004e-01
   1.7490000e+03   7.6260203e-01   7.1477004e-01
   1.7500000e+03   8.2905111e-01   7.1477004e-01
   1.7510000e+03   8.7315259e-01   7.1477004e-01
   1.7520000e+03   8.8747288e-01   7.1477004e-01
   1.7530000e+03   8.7305784e-01   7.1477004e-01
   1.7540000e+03   8.3923495e-01   7.1477004e-01
   1.7550000e+03   8.0062917e-01   7.1477004e-01
   1.7560000e+03   7.7230764e-01   7.1477004e-01
   1.7570000e+03   7.6469867e-01   7.1477004e-01
   1.7580000e+03   7.8007399e-01   7.1477004e-01
   1.7590000e+03   8.1186400e-01   7.1477004e-01
   1.7600000e+03   8.4707447e-01   7.1477004e-01
   1.7610000e+03   8.7096112e-01   7.1477004e-01
   1.7620000e+03   8.7231226e-01   7.1477004e-01
   1.7630000e+03   8.4748909e-01   7.1477004e-01
   1.7640000e+03   8.0184667e-01   7.1477004e-01
   1.7650000e+03   7.4811434e-01   7.1477004e-01
   1.7660000e+03   7.0238746e-01   7.1477004e-01
   1.7670000e+03   6.7917220e-01   7.1477004e-01
   1.7680000e+03   6.8715952e-01   7.1477004e-01
   1.7690000e+03   7.2703098e-01   7.1477004e-01
   1.7700000e+03   7.9179978e-01   7.1477004e-01
   1.7710000e+03   8.6929232e-01   7.1477004e-01
   1.7720000e+03   9.4571842e-01   7.1477004e-01
   1.7730000e+03   1.0090767e+00   7.1477004e-01
   1.7740000e+03   1.0514160e+00   7.1477004e-01
   1.7750000e+03   1.0695528e+00   7.1477004e-01
   1.7760000e+03   1.0644621e+00   7.1477004e-01
   1.7770000e+03   1.0399582e+00   7.1477004e-01
   1.7780000e+03   1.0013426e+00   7.1477004e-01
   1.7790000e+03   9.5444716e-01   7.1477004e-01
   1.7800000e+03   9.0512192e-01   7.1477004e-01
   1.7810000e+03   8.5891051e-01   7.1477004e-01
   1.7820000e+03   8.2058293e-01   7.1477004e-01
   1.7830000e+03   7.9336799e-01   7.1477004e-01
   1.7840000e+03   7.7804063e-01   7.1477004e-01
   1.7850000e+03   7.7228665e-01   7.1477004e-01
   1.7860000e+03   7.7082586e-01   7.1477004e-01
   1.7870000e+03   7.6656405e-01   7.1477004e-01
   1.7880000e+03   7.5263676e-01   7.1477004e-01
   1.7890000e+03   7.2477741e-01   7.1477004e-01
   1.7900000e+03   6.8318973e-01   7.1477004e-01
   1.7910000e+03   6.3316139e-01   7.1477004e-01
   1.7920000e+03   5.8403222e-01   7.1477004e-01
   1.7930000e+03   5.4669685e-01   7.1477004e-01
   1.7940000e+03   5.3036975e-01   7.1477004e-01
   1.7950000e+03   5.3965313e-01   7.1477004e-01
   1.7960000e+03   5.7289873e-01   7.1477004e-01
   1.7970000e+03   6.2244806e-01   7.1477004e-01
   1.7980000e+03   6.7671182e-01   7.1477004e-01
   1.7990000e+03   7.2343316e-01   7.1477004e-01
   1.8000000e+03   7.5308785e-01   7.2276618e-01
   1.8010000e+03   7.6134775e-01   7.2276618e-01
   1.8020000e+03   7.4987264e-01   7.2276618e-01
   1.8030000e+03   7.2527587e-01   7.2276618e-01
   1.8040000e+03   6.9671912e-01   7.2276618e-01
   1.8050000e+03   6.7301929e-01   7.2276618e-01
   1.8060000e+03   6.6025197e-01   7.2276618e-01
   1.8070000e+03   6.6058980e-01   7.2276618e-01
   1.8080000e+03   6.7262100e-01   7.2276618e-01
   1.8090000e+03   6.9284077e-01   7.2276618e-01
   1.8100000e+03   7.1760038e-01   7.2276618e-01
   1.8110000e+03   7.4468080e-01   7.2276618e-01
   1.8120000e+03   7.7386804e-01   7.2276618e-01
   1.8130000e+03   8.0635572e-01   7.2276618e-01
   1.8140000e+03   8.4330810e-01   7.2276618e-01
   1.8150000e+03   8.8427713e-01   7.2276618e-01
   1.8160000e+03   9.2623305e-01   7.2276618e-01
   1.8170000e+03   9.6370796e-01   7.2276618e-01
   1.8180000e+03   9.9007342e-01   7.2276618e-01
   1.8190000e+03   9.9947395e-01   7.2276618e-01
   1.8200000e+03   9.8863644e-01   7.2276618e-01
   1.8210000e+03   9.5780439e-01   7.2276618e-01
   1.8220000e+03   9.1040477e-01   7.2276618e-01
   1.8230000e+03   8.5159655e-01   7.2276618e-01
   1.8240000e+03   7.8634260e-01   7.2276618e-01
   1.8250000e+03   7.1787483e-01   7.2276618e-01
   1.8260000e+03   6.4727359e-01   7.2276618e-01
   1.8270000e+03   5.7440653e-01   7.2276618e-01
   1.8280000e+03   4.9985941e-01   7.2276618e-01
   1.8290000e+03   4.2699778e-01   7.2276618e-01
   1.8300000e+03   3.6314314e-01   7.2276618e-01
   1.8310000e+03   3.1911352e-01   7.2276618e-01
   1.8320000e+03   3.0698280e-01   7.2276618e-01
   1.8330000e+03   3.3662740e-01   7.2276618e-01
   1.8340000e+03   4.1217274e-01   7.2276618e-01
   1.8350000e+03   5.2960277e-01   7.2276618e-01
   1.8360000e+03   6.7647787e-01   7.2276618e-01
   1.8370000e+03   8.3402621e-01   7.2276618e-01
   1.8380000e+03   9.8107842e-01   7.2276618e-01
   1.8390000e+03   1.0986982e+00   7.2276618e-01
   1.8400000e+03   1.1741464e+00   7.2276618e-01
   1.8410000e+03   1.2030723e+00   7.2276618e-01
   1.8420000e+03   1.1894461e+00   7.2276618e-01
   1.8430000e+03   1.1434856e+00   7.2276618e-01
   1.8440000e+03   1.0784204e+00   7.2276618e-01
   1.8450000e+03   1.0071846e+00   7.2276618e-01
   1.8460000e+03   9.3996898e-01   7.2276618e-01
   1.8470000e+03   8.8312129e-01   7.2276618e-01
   1.8480000e+03   8.3934095e-01   7.2276618e-01
   1.8490000e+03   8.0869354e-01   7.2276618e-01
   1.8500000e+03   7.8981019e-01   7.2276618e-01
   1.8510000e+03   7.8074875e-01   7.2276618e-01
   1.8520000e+03   7.7929104e-01   7.2276618e-01
   1.8530000e+03   7.8278054e-01   7.2276618e-01
   1.8540000e+03   7.8782817e-01   7.2276618e-01
   1.8550000e+03   7.9025424e-01   7.2276618e-01
   1.8560000e+03   7.8550017e-01   7.2276618e-01
   1.8570000e+03   7.6950989e-01   7.2276618e-01
   1.8580000e+03   7.3985085e-01   7.2276618e-01
   1.8590000e+03   6.9670735e-01   7.2276618e-01
   1.8600000e+03   6.4337809e-01   7.2276618e-01
   1.8610000e+03   5.8603818e-01   7.2276618e-01
   1.8620000e+03   5.3273537e-01   7.2276618e-01
   1.8630000e+03   4.9181152e-01   7.2276618e-01
   1.8640000e+03   4.7010875e-01   7.2276618e-01
   1.8650000e+03   4.7138932e-01   7.2276618e-01
   1.8660000e+03   4.9535382e-01   7.2276618e-01
   1.8670000e+03   5.3749998e-01   7.2276618e-01
   1.8680000e+03   5.8986619e-01   7.2276618e-01
   1.8690000e+03   6.4250226e-01   7.2276618e-01
   1.8700000e+03   6.8535450e-01   7.2276618e-01
   1.8710000e+03   7.1017492e-01   7.2276618e-01
   1.8720000e+03   7.1207238e-01   7.2276618e-01
   1.8730000e+03   6.9040624e-01   7.2276618e-01
   1.8740000e+03   6.4885442e-01   7.2276618e-01
   1.8750000e+03   5.9464391e-01   7.2276618e-01
   1.8760000e+03   5.3708906e-01   7.2276618e-01
   1.8770000e+03   4.8572152e-01   7.2276618e-01
   1.8780000e+03   4.4839176e-01   7.2276618e-01
   1.8790000e+03   4.2975207e-01   7.2276618e-01
   1.8800000e+03   4.3047166e-01   7.2276618e-01
   1.8810000e+03   4.4738111e-01   7.2276618e-01
   1.8820000e+03   4.7451779e-01   7.2276618e-01
   1.8830000e+03   5.0480054e-01   7.2276618e-01
   1.8840000e+03   5.3187412e-01   7.2276618e-01
   1.8850000e+03   5.5160333e-01   7.2276618e-01
   1.8860000e+03   5.6279701e-01   7.2276618e-01
   1.8870000e+03   5.6698496e-01   7.2276618e-01
   1.8880000e+03   5.6737718e-01   7.2276618e-01
   1.8890000e+03   5.6739822e-01   7.2276618e-01
   1.8900000e+03   5.6931033e-01   7.2276618e-01
   1.8910000e+03   5.7337474e-01   7.2276618e-01
   1.8920000e+03   5.7777951e-01   7.2276618e-01
   1.8930000e+03   5.7927753e-01   7.2276618e-01
   1.8940000e+03   5.7424453e-01   7.2276618e-01
   1.8950000e+03   5.5976905e-01   7.2276618e-01
   1.8960000e+03   5.3444538e-01   7.2276618e-01
   1.8970000e+03   4.9870662e-01   7.2276618e-01
   1.8980000e+03   4.5472023e-01   7.2276618e-01
   1.8990000e+03   4.0598845e-01   7.2276618e-01
   1.9000000e+03   3.5681545e-01   7.2276618e-01
   1.9010000e+03   3.1174348e-01   7.2276618e-01
   1.9020000e+03   2.7498106e-01   7.2276618e-01
   1.9030000e+03   2.4981097e-01   7.2276618e-01
   1.9040000e+03   2.3799911e-01   7.2276618e-01
   1.9050000e+03   2.3930647e-01   7.2276618e-01
   1.9060000e+03   2.5127666e-01   7.2276618e-01
   1.9070000e+03   2.6947401e-01   7.2276618e-01
   1.9080000e+03   2.8825312e-01   7.2276618e-01
   1.9090000e+03   3.0197324e-01   7.2276618e-01
   1.9100000e+03   3.0639100e-01   7.2276618e-01
   1.9110000e+03   2.9984926e-01   7.2276618e-01
   1.9120000e+03   2.8388308e-01   7.2276618e-01
   1.9130000e+03   2.6299863e-01   7.2276618e-01
   1.9140000e+03   2.4361081e-01   7.2276618e-01
   1.9150000e+03   2.3238061e-01   7.2276618e-01
   1.9160000e+03   2.3439317e-01   7.2276618e-01
   1.9170000e+03   2.5169689e-01   7.2276618e-01
   1.9180000e+03   2.8265274e-01   7.2276618e-01
   1.9190000e+03   3.2233298e-01   7.2276618e-01
   1.9200000e+03   3.6391116e-01   7.2276618e-01
   1.9210000e+03   4.0068155e-01   7.2276618e-01
   1.9220000e+03   4.2812388e-01   7.2276618e-01
   1.9230000e+03   4.4536505e-01   7.2276618e-01
   1.9240000e+03   4.5551836e-01   7.2276618e-01
   1.9250000e+03   4.6468695e-01   7.2276618e-01
   1.9260000e+03   4.7982665e-01   7.2276618e-01
   1.9270000e+03   5.0605568e-01   7.2276618e-01
   1.9280000e+03   5.4424692e-01   7.2276618e-01
   1.9290000e+03   5.8974255e-01   7.2276618e-01
   1.9300000e+03   6.3275799e-01   7.2276618e-01
   1.9310000e+03   6.6055204e-01   7.2276618e-01
   1.9320000e+03   6.6086944e-01   7.2276618e-01
   1.9330000e+03   6.2569756e-01   7.2276618e-01
   1.9340000e+03   5.5418684e-01   7.2276618e-01
   1.9350000e+03   4.5375786e-01   7.2276618e-01
   1.9360000e+03   3.3892534e-01   7.2276618e-01
   1.9370000e+03   2.2806359e-01   7.2276618e-01
   1.9380000e+03   1.3899279e-01   7.2276618e-01
   1.9390000e+03   8.4656460e-02   7.2276618e-01
   1.9400000e+03   7.0148470e-02   7.2276618e-01
   1.9410000e+03   9.1927530e-02   7.2276618e-01
   1.9420000e+03   1.3937034e-01   7.2276618e-01
   1.9430000e+03   1.9809537e-01   7.2276618e-01
   1.9440000e+03   2.5397789e-01   7.2276618e-01
   1.9450000e+03   2.9663994e-01   7.2276618e-01
   1.9460000e+03   3.2145897e-01   7.2276618e-01
   1.9470000e+03   3.2968362e-01   7.2276618e-01
   1.9480000e+03   3.2686915e-01   7.2276618e-01
   1.9490000e+03   3.2033194e-01   7.2276618e-01
   1.9500000e+03   3.1652631e-01   7.2276618e-01
   1.9510000e+03   3.1913569e-01   7.2276618e-01
   1.9520000e+03   3.2832427e-01   7.2276618e-01
   1.9530000e+03   3.4116842e-01   7.2276618e-01
   1.9540000e+03   3.5293392e-01   7.2276618e-01
   1.9550000e+03   3.5868845e-01   7.2276618e-01
   1.9560000e+03   3.5475873e-01   7.2276618e-01
   1.9570000e+03   3.3970071e-01   7.2276618e-01
   1.9580000e+03   3.1465590e-01   7.2276618e-01
   1.9590000e+03   2.8313180e-01   7.2276618e-01
   1.9600000e+03   2.5032977e-01   7.2276618e-01
   1.9610000e+03   2.2216084e-01   7.2276618e-01
   1.9620000e+03   2.0408537e-01   7.2276618e-01
   1.9630000e+03   1.9992775e-01   7.2276618e-01
   1.9640000e+03   2.1086303e-01   7.2276618e-01
   1.9650000e+03   2.3481901e-01   7.2276618e-01
   1.9660000e+03   2.6652782e-01   7.2276618e-01
   1.9670000e+03   2.9835367e-01   7.2276618e-01
   1.9680000e+03   3.2181810e-01   7.2276618e-01
   1.9690000e+03   3.2949925e-01   7.2276618e-01
   1.9700000e+03   3.1679692e-01   7.2276618e-01
   1.9710000e+03   2.8302552e-01   7.2276618e-01
   1.9720000e+03   2.3146781e-01   7.2276618e-01
   1.9730000e+03   1.6835401e-01   7.2276618e-01
   1.9740000e+03   1.0110506e-01   7.2276618e-01
   1.9750000e+03   3.6444668e-02   7.2276618e-01
   1.9760000e+03  -2.0981042e-02   7.2276618e-01
   1.9770000e+03  -6.9062798e-02   7.2276618e-01
   1.9780000e+03  -1.0775338e-01   7.2276618e-01
   1.9790000e+03  -1.3804895e-01   7.2276618e-01
   1.9800000e+03  -1.6103648e-01   7.2276618e-01
   1.9810000e+03  -1.7754009e-01   7.2276618e-01
   1.9820000e+03  -1.8854483e-01   7.2276618e-01
   1.9830000e+03  -1.9610275e-01   7.2276618e-01
   1.9840000e+03  -2.0406379e-01   7.2276618e-01
   1.9850000e+03  -2.1792485e-01   7.2276618e-01
   1.9860000e+03  -2.4342326e-01   7.2276618e-01
   1.9870000e+03  -2.8410659e-01   7.2276618e-01
   1.9880000e+03  -3.3873005e-01   7.2276618e-01
   1.9890000e+03  -3.9966671e-01   7.2276618e-01
   1.9900000e+03  -4.5335654e-01   7.2276618e-01
   1.9910000e+03  -4.8316190e-01   7.2276618e-01
   1.9920000e+03  -4.7405522e-01   7.2276618e-01
   1.9930000e+03  -4.1770893e-01   7.2276618e-01
   1.9940000e+03  -3.1616019e-01   7.2276618e-01
   1.9950000e+03  -1.8250259e-01   7.2276618e-01
