-8.439521 1871.000000
-8.693379 1872.000000
-8.408936 1873.000000
-8.359843 1874.000000
-8.407114 1875.000000
-8.418817 1876.000000
-8.545963 1877.000000
-8.551431 1878.000000
-8.365034 1879.000000
-8.640082 1880.000000
-8.511592 1881.000000
-8.600808 1882.000000
-8.780645 1883.000000
-8.655803 1884.000000
-8.631998 1885.000000
-8.422674 1886.000000
-8.265800 1887.000000
-7.929322 1888.000000
-8.440497 1889.000000
-8.406281 1890.000000
-8.119519 1891.000000
-8.336809 1892.000000
-8.207296 1893.000000
-8.569010 1894.000000
-8.557622 1895.000000
-8.556822 1896.000000
-8.497299 1897.000000
-8.451528 1898.000000
-8.240735 1899.000000
-8.261797 1900.000000
-8.517821 1901.000000
-8.339844 1902.000000
-8.663102 1903.000000
-8.672101 1904.000000
-8.587029 1905.000000
-8.532405 1906.000000
-8.188454 1907.000000
-8.343501 1908.000000
-8.295096 1909.000000
-8.213141 1910.000000
-8.305594 1911.000000
-8.831867 1912.000000
-8.920407 1913.000000
-8.839794 1914.000000
-8.495165 1915.000000
-8.310744 1916.000000
-8.166034 1917.000000
-8.079217 1918.000000
-8.668176 1919.000000
-8.688969 1920.000000
-8.940857 1921.000000
-8.680516 1922.000000
-8.606716 1923.000000
-8.367244 1924.000000
-8.557209 1925.000000
-8.578496 1926.000000
-8.361843 1927.000000
-8.582560 1928.000000
-8.450698 1929.000000
-8.860621 1930.000000
-8.379673 1931.000000
-8.300655 1932.000000
-8.478072 1933.000000
-8.479221 1934.000000
-8.464644 1935.000000
-8.324041 1936.000000
-8.658728 1937.000000
-8.382751 1938.000000
-8.444999 1939.000000
-8.522353 1940.000000
-8.570842 1941.000000
-8.511259 1942.000000
-8.589824 1943.000000
-8.401328 1944.000000
-8.293125 1945.000000
-8.658590 1946.000000
-8.917906 1947.000000
-8.747154 1948.000000
-8.846400 1949.000000
-8.732506 1950.000000
-8.269868 1951.000000
-8.514929 1952.000000
-8.109595 1953.000000
-8.496405 1954.000000
-8.195328 1955.000000
-8.127052 1956.000000
-8.573155 1957.000000
-8.415984 1958.000000
-8.754937 1959.000000
-8.804456 1960.000000
-8.916993 1961.000000
-8.616795 1962.000000
-8.639308 1963.000000
-8.754333 1964.000000
-8.311646 1965.000000
-8.699867 1966.000000
-8.425551 1967.000000
-8.579078 1968.000000
-9.078416 1969.000000
-8.876469 1970.000000
-8.881908 1971.000000
-9.033046 1972.000000
-9.346647 1973.000000
-9.107917 1974.000000
-9.051386 1975.000000
-8.861938 1976.000000
-9.114447 1977.000000
-8.897718 1978.000000
-8.925042 1979.000000
-9.080981 1980.000000
-8.708788 1981.000000
-8.861086 1982.000000
-9.193546 1983.000000
-9.048637 1984.000000
-9.197145 1985.000000
-9.207720 1986.000000
-9.072516 1987.000000
-9.407978 1988.000000
-9.346040 1989.000000
-9.319565 1990.000000
-9.238538 1991.000000
-8.974513 1992.000000
-9.583952 1993.000000
-9.400744 1994.000000
-9.094981 1995.000000
-8.924418 1996.000000
-8.733369 1997.000000
-8.772833 1998.000000
-8.689458 1999.000000
-8.596322 2000.000000
-8.880467 2001.000000
-8.657423 2002.000000
-8.857696 2003.000000
-8.787013 2004.000000
-8.492559 2005.000000
-8.459139 2006.000000
-8.732506 2007.000000
-8.623238 2008.000000
-8.817147 2009.000000
-8.898290 2010.000000
-8.610168 2011.000000
-8.863189 2012.000000
-8.759240 2013.000000
-9.291162 2014.000000
-9.457081 2015.000000
-9.618664 2016.000000
